trial_id,run_id,ObjectSpace,condition,image_file,iti,sampled_f0,sampled_f1,event_type,fix_dur,fix_kind,trial_duration_max,img_onset,img_dur,isi1_dur,isi1_type,dec_onset_est,max_dec_dur,isi2_dur,isi2_type,fb_dur
0,1,,Fixation,,2.657287120819092,,,fixation,10.0,run_start,5.02157735824585,0.0,0.0,2.999037742614746,hidden,2.999037742614746,0.0,2.0225396156311035,fixation,0.0
1,1,20.0,Medium,20_0.633_0.755.png,2.9965009689331055,0.635,0.752,,,,9.170100927352905,7.678864479064941,1.0,2.999037742614746,hidden,11.677902221679688,3.5,0.6710631847381592,fixation,1.0
2,1,3.0,Incongruent,3_0.408_0.429.png,2.9965009689331055,0.414,0.435,,,,10.21798300743103,19.84546661376953,1.0,2.999037742614746,hidden,23.84450340270996,3.5,1.7189452648162842,fixation,1.0
3,1,2.0,Incongruent,2_0.939_0.061.png,2.9965009689331055,0.936,0.065,,,,7.777534782886505,33.05995178222656,1.0,1.7621699571609497,hidden,35.822120666503906,3.5,0.5153648257255554,fixation,1.0
4,1,1.0,Medium,1_0.673_0.327.png,0.8870137333869934,0.665,0.336,,,,10.840526342391968,43.833984375,1.0,2.3414885997772217,hidden,47.17547607421875,3.5,2.999037742614746,fixation,1.0
5,1,9.0,Medium,9_0.204_0.000.png,1.9050896167755127,0.214,0.0,,,,9.360880315303802,55.561527252197266,1.0,0.8618425726890564,hidden,57.423370361328125,3.5,2.999037742614746,fixation,1.0
6,1,20.0,Medium,20_1.000_0.837.png,2.9965009689331055,1.0,0.834,,,,9.464406490325928,66.82749938964844,1.0,2.0475857257843018,hidden,69.87508392333984,3.5,1.916820764541626,fixation,1.0
7,1,3.0,Incongruent,3_0.449_0.388.png,0.7799997329711914,0.457,0.389,,,,8.257228434085846,79.28840637207031,1.0,0.6195581555366516,hidden,80.907958984375,3.5,2.1376702785491943,fixation,1.0
8,1,2.0,Incongruent,2_0.612_0.204.png,2.9965009689331055,0.613,0.206,,,,9.527280569076538,88.32563018798828,1.0,2.999037742614746,hidden,92.32466888427734,3.5,1.028242826461792,fixation,1.0
9,1,11.0,Congruent,11_0.327_0.980.png,2.9965009689331055,0.322,0.979,,,,9.296099066734314,100.84941101074219,1.0,2.999037742614746,hidden,104.84844970703125,3.5,0.7970613241195679,fixation,1.0
10,1,22.0,Congruent,13b_0.755_0.673.png,2.9965009689331055,0.751,0.683,,,,7.156519889831543,113.14201354980469,1.0,1.0673108100891113,hidden,115.2093276977539,3.5,0.5892090797424316,fixation,1.0
11,1,1.0,Medium,1_0.939_0.347.png,2.7331414222717285,0.944,0.345,,,,11.262354373931885,123.29503631591797,1.0,2.999037742614746,hidden,127.29407501220703,3.5,2.7633166313171387,fixation,1.0
12,1,18.0,Incongruent,18_0.347_0.041.png,2.9965009689331055,0.34,0.045,,,,6.642232716083527,137.29052734375,1.0,0.5953644514083862,hidden,138.88589477539062,3.5,0.5468682646751404,fixation,1.0
13,1,22.0,Congruent,13b_0.694_0.612.png,2.794171094894409,0.689,0.604,,,,11.498075485229492,146.92926025390625,1.0,2.999037742614746,hidden,150.9282989501953,3.5,2.999037742614746,fixation,1.0
14,1,8.0,Congruent,8_0.878_0.939.png,2.1140007972717285,0.887,0.948,,,,9.912183284759521,161.2215118408203,1.0,2.999037742614746,hidden,165.22055053710938,3.5,1.4131455421447754,fixation,1.0
15,1,1.0,Medium,1_0.714_0.551.png,2.9965009689331055,0.717,0.552,,,,9.067084074020386,173.24769592285156,1.0,2.999037742614746,hidden,177.24673461914062,3.5,0.5680463314056396,fixation,1.0
16,1,3.0,Incongruent,3_0.408_0.245.png,0.7634965777397156,0.415,0.25,,,,8.15488076210022,185.311279296875,1.0,1.1564865112304688,hidden,187.4677734375,3.5,1.498394250869751,fixation,1.0
17,1,18.0,Incongruent,18_0.224_0.551.png,2.9965009689331055,0.218,0.554,,,,9.479126930236816,194.2296600341797,1.0,1.6336753368377686,hidden,196.8633270263672,3.5,2.345451593399048,fixation,1.0
18,1,11.0,Congruent,11_0.612_0.755.png,0.6032599806785583,0.615,0.751,,,,9.959542393684387,206.70529174804688,1.0,2.551598310470581,hidden,210.2568817138672,3.5,1.9079440832138062,fixation,1.0
19,1,9.0,Medium,9_0.408_0.204.png,2.9965009689331055,0.405,0.202,,,,9.09591257572174,217.26808166503906,1.0,2.999037742614746,hidden,221.26712036132812,3.5,0.5968748331069946,fixation,1.0
20,1,8.0,Congruent,8_0.796_0.367.png,1.4137561321258545,0.79,0.362,,,,9.68137776851654,229.36050415039062,1.0,1.1823400259017944,hidden,231.5428466796875,3.5,2.999037742614746,fixation,1.0
21,1,18.0,Incongruent,18_0.367_0.612.png,2.9965009689331055,0.367,0.622,,,,8.443478047847748,240.45562744140625,1.0,1.955923080444336,hidden,243.41156005859375,3.5,0.9875549674034119,fixation,1.0
22,1,9.0,Medium,9_0.184_0.837.png,2.0902810096740723,0.175,0.84,,,,9.855123400688171,251.89561462402344,1.0,2.999037742614746,hidden,255.8946533203125,3.5,1.3560856580734253,fixation,1.0
23,1,22.0,Congruent,13b_1.000_0.714.png,2.9965009689331055,1.0,0.706,,,,9.810051321983337,263.84100341796875,1.0,1.3110135793685913,hidden,266.15203857421875,3.5,2.999037742614746,fixation,1.0
24,1,8.0,Congruent,8_1.000_0.755.png,1.5121405124664307,1.0,0.756,,,,9.445187211036682,276.6475830078125,1.0,2.999037742614746,hidden,280.6466064453125,3.5,0.946149468421936,fixation,1.0
25,1,20.0,Medium,20_0.694_0.673.png,0.6144639253616333,0.686,0.671,,,,9.553632020950317,287.6048889160156,1.0,2.4018378257751465,hidden,291.0067443847656,3.5,1.651794195175171,fixation,1.0
26,1,11.0,Congruent,11_0.041_0.429.png,2.9965009689331055,0.041,0.434,,,,8.240921974182129,297.7729797363281,1.0,1.717112421989441,hidden,300.4901123046875,3.5,1.023809552192688,fixation,1.0
27,1,2.0,Incongruent,2_0.837_0.347.png,2.9965009689331055,0.843,0.354,,,,10.486042499542236,309.0104064941406,1.0,1.9870047569274902,hidden,311.9974365234375,3.5,2.999037742614746,fixation,1.0
28,1,,Fixation,,2.9965009689331055,,,fixation,5.0,run_end,5.998075485229492,322.4929504394531,0.0,2.999037742614746,hidden,325.49200439453125,0.0,2.999037742614746,fixation,0.0
29,2,,Fixation,,2.9965009689331055,,,fixation,10.0,run_start,5.086660623550415,0.0,0.0,2.999037742614746,hidden,2.999037742614746,0.0,2.087622880935669,fixation,0.0
30,2,8.0,Congruent,8_0.286_0.571.png,2.9965009689331055,0.279,0.568,,,,9.824401497840881,8.083161354064941,1.0,1.3445035219192505,hidden,10.427664756774902,3.5,2.979897975921631,fixation,1.0
31,2,9.0,Medium,9_0.224_0.265.png,2.9965009689331055,0.216,0.259,,,,8.203846871852875,20.904064178466797,1.0,1.7319138050079346,hidden,23.63597869873047,3.5,0.9719330668449402,fixation,1.0
32,2,2.0,Incongruent,2_0.959_0.551.png,2.9965009689331055,0.957,0.551,,,,10.412131547927856,32.10441207885742,1.0,1.9130938053131104,hidden,35.01750564575195,3.5,2.999037742614746,fixation,1.0
33,2,18.0,Incongruent,18_0.204_0.469.png,2.9965009689331055,0.211,0.467,,,,10.275100827217102,45.51304626464844,1.0,1.776063084602356,hidden,48.28910827636719,3.5,2.999037742614746,fixation,1.0
34,2,22.0,Congruent,13b_0.490_0.449.png,2.9965009689331055,0.498,0.452,,,,10.417310953140259,58.784645080566406,1.0,2.240774154663086,hidden,62.025421142578125,3.5,2.676536798477173,fixation,1.0
35,2,11.0,Congruent,11_0.122_1.000.png,2.9965009689331055,0.125,1.0,,,,11.487267971038818,72.19845581054688,1.0,2.999037742614746,hidden,76.19749450683594,3.5,2.9882302284240723,fixation,1.0
36,2,20.0,Medium,20_0.633_0.612.png,2.9965009689331055,0.642,0.603,,,,11.346591472625732,86.6822280883789,1.0,2.999037742614746,hidden,90.68126678466797,3.5,2.8475537300109863,fixation,1.0
37,2,11.0,Congruent,11_0.224_0.878.png,2.9965009689331055,0.224,0.87,,,,9.669451832771301,101.02532196044922,1.0,1.1704140901565552,hidden,103.19573211669922,3.5,2.999037742614746,fixation,1.0
38,2,22.0,Congruent,13b_0.714_0.776.png,1.650415301322937,0.719,0.775,,,,7.403311371803284,113.69126892089844,1.0,1.1703547239303589,hidden,115.86162567138672,3.5,0.7329566478729248,fixation,1.0
39,2,1.0,Medium,1_0.694_0.592.png,1.6556358337402344,0.687,0.59,,,,8.322301149368286,122.74500274658203,1.0,1.1882542371749878,hidden,124.9332504272461,3.5,1.6340469121932983,fixation,1.0
40,2,9.0,Medium,9_0.245_0.429.png,1.679486870765686,0.235,0.422,,,,9.30820643901825,132.72293090820312,1.0,2.999037742614746,hidden,136.7219696044922,3.5,0.8091686964035034,fixation,1.0
41,2,8.0,Congruent,8_0.980_0.959.png,2.047851085662842,0.984,0.961,,,,11.498075485229492,143.71063232421875,1.0,2.999037742614746,hidden,147.7096710205078,3.5,2.999037742614746,fixation,1.0
42,2,18.0,Incongruent,18_0.082_0.388.png,2.9965009689331055,0.073,0.395,,,,11.238784074783325,157.25656127929688,1.0,2.999037742614746,hidden,161.25559997558594,3.5,2.739746332168579,fixation,1.0
43,2,1.0,Medium,1_0.592_0.367.png,2.13258695602417,0.586,0.369,,,,9.711774110794067,171.49183654785156,1.0,2.999037742614746,hidden,175.49087524414062,3.5,1.2127363681793213,fixation,1.0
44,2,3.0,Incongruent,3_0.633_0.367.png,2.9965009689331055,0.63,0.367,,,,7.3176445960998535,183.33619689941406,1.0,0.6600629091262817,hidden,184.9962615966797,3.5,1.1575816869735718,fixation,1.0
45,2,1.0,Medium,1_0.837_0.408.png,2.9965009689331055,0.844,0.418,,,,9.147345781326294,193.6503448486328,1.0,2.999037742614746,hidden,197.64938354492188,3.5,0.6483080387115479,fixation,1.0
46,2,3.0,Incongruent,3_0.000_0.000.png,2.9965009689331055,0.0,0.0,,,,11.027477502822876,205.794189453125,1.0,2.52843976020813,hidden,209.3226318359375,3.5,2.999037742614746,fixation,1.0
47,2,22.0,Congruent,13b_0.816_0.959.png,2.9965009689331055,0.807,0.968,,,,11.498075485229492,219.81817626953125,1.0,2.999037742614746,hidden,223.8172149658203,3.5,2.999037742614746,fixation,1.0
48,2,2.0,Incongruent,2_0.510_0.102.png,2.9965009689331055,0.515,0.093,,,,9.734693884849548,234.312744140625,1.0,1.2356561422348022,hidden,236.54840087890625,3.5,2.999037742614746,fixation,1.0
49,2,18.0,Incongruent,18_0.102_0.000.png,1.1786882877349854,0.107,0.0,,,,9.93771743774414,247.0439453125,1.0,2.999037742614746,hidden,251.04298400878906,3.5,1.4386796951293945,fixation,1.0
50,2,2.0,Incongruent,2_1.000_0.510.png,2.9965009689331055,1.0,0.504,,,,9.129807591438293,258.16033935546875,1.0,2.999037742614746,hidden,262.1593933105469,3.5,0.6307698488235474,fixation,1.0
51,2,3.0,Incongruent,3_0.469_0.347.png,2.9965009689331055,0.473,0.35,,,,11.498075485229492,270.2866516113281,1.0,2.999037742614746,hidden,274.28570556640625,3.5,2.999037742614746,fixation,1.0
52,2,20.0,Medium,20_0.796_0.673.png,0.6094921231269836,0.789,0.677,,,,8.595828175544739,284.78125,1.0,1.4433114528656006,hidden,287.22454833984375,3.5,1.6525167226791382,fixation,1.0
53,2,8.0,Congruent,8_0.878_0.612.png,1.4371880292892456,0.881,0.617,,,,9.134131073951721,293.9865417480469,1.0,2.999037742614746,hidden,297.985595703125,3.5,0.6350933313369751,fixation,1.0
54,2,11.0,Congruent,11_0.224_0.837.png,2.342316150665283,0.223,0.842,,,,7.538033962249756,304.557861328125,1.0,0.6999630928039551,hidden,306.2578430175781,3.5,1.3380708694458008,fixation,1.0
55,2,9.0,Medium,9_0.776_0.367.png,2.099341630935669,0.785,0.374,,,,11.17727017402649,314.438232421875,1.0,2.678232431411743,hidden,318.116455078125,3.5,2.999037742614746,fixation,1.0
56,2,20.0,Medium,20_0.449_0.694.png,0.8345432877540588,0.445,0.703,,,,9.937623977661133,327.71484375,1.0,2.999037742614746,hidden,331.7138671875,3.5,1.4385862350463867,fixation,1.0
57,2,,Fixation,,1.8015176057815552,,,fixation,5.0,run_end,2.9180192947387695,338.48699951171875,0.0,1.0590754747390747,hidden,339.54608154296875,0.0,1.8589438199996948,fixation,0.0
58,3,,Fixation,,2.9965009689331055,,,fixation,10.0,run_start,4.2859944105148315,0.0,0.0,1.2869566679000854,hidden,1.2869566679000854,0.0,2.999037742614746,fixation,0.0
59,3,11.0,Congruent,11_0.469_0.857.png,0.9429933428764343,0.477,0.853,,,,10.998075485229492,7.282495498657227,1.0,2.999037742614746,hidden,11.281533241271973,3.0,2.999037742614746,fixation,1.0
60,3,2.0,Incongruent,2_0.816_0.245.png,2.9965009689331055,0.825,0.24,,,,9.21206796169281,19.22356414794922,1.0,1.213030219078064,hidden,21.436594009399414,3.0,2.999037742614746,fixation,1.0
61,3,20.0,Medium,20_0.449_0.796.png,2.8974218368530273,0.451,0.792,,,,8.281983137130737,31.432132720947266,1.0,2.6872920989990234,hidden,35.11942672729492,3.0,0.5946910381317139,fixation,1.0
62,3,8.0,Congruent,8_0.918_0.653.png,1.4897993803024292,0.924,0.65,,,,7.429588794708252,42.61153793334961,1.0,0.83316969871521,hidden,44.444705963134766,3.0,1.596419095993042,fixation,1.0
63,3,9.0,Medium,9_0.163_0.510.png,1.8683737516403198,0.153,0.508,,,,8.74319326877594,51.53092575073242,1.0,2.999037742614746,hidden,55.529964447021484,3.0,0.7441555261611938,fixation,1.0
64,3,18.0,Incongruent,18_0.449_0.204.png,2.9965009689331055,0.456,0.199,,,,10.998075485229492,62.142494201660156,1.0,2.999037742614746,hidden,66.14153289794922,3.0,2.999037742614746,fixation,1.0
65,3,3.0,Incongruent,3_0.102_0.265.png,1.0780129432678223,0.095,0.256,,,,9.961785078048706,76.13706970214844,1.0,2.7374908924102783,hidden,79.87455749511719,3.0,2.2242941856384277,fixation,1.0
66,3,18.0,Incongruent,18_0.653_0.000.png,0.5989581942558289,0.655,0.0,,,,10.644582748413086,87.17686462402344,1.0,2.64554500579834,hidden,90.8224105834961,3.0,2.999037742614746,fixation,1.0
67,3,22.0,Congruent,13b_0.612_0.388.png,2.9965009689331055,0.619,0.396,,,,9.407949566841125,98.42041015625,1.0,1.4089118242263794,hidden,100.8293228149414,3.0,2.999037742614746,fixation,1.0
68,3,9.0,Medium,9_0.163_0.469.png,2.9965009689331055,0.165,0.472,,,,6.959533214569092,110.82485961914062,1.0,1.4420982599258423,hidden,113.26696014404297,3.0,0.5174349546432495,fixation,1.0
69,3,8.0,Congruent,8_0.510_0.980.png,2.9965009689331055,0.507,0.979,,,,9.078604578971863,120.78089141845703,1.0,1.0795668363571167,hidden,122.86045837402344,3.0,2.999037742614746,fixation,1.0
70,3,20.0,Medium,20_0.898_0.755.png,2.9965009689331055,0.904,0.764,,,,10.998075485229492,132.8560028076172,1.0,2.999037742614746,hidden,136.85504150390625,3.0,2.999037742614746,fixation,1.0
71,3,2.0,Incongruent,2_0.653_0.531.png,1.2374076843261719,0.645,0.537,,,,8.81816452741623,146.85057067871094,1.0,0.8191267848014832,hidden,148.66970825195312,3.0,2.999037742614746,fixation,1.0
72,3,8.0,Congruent,8_0.918_0.286.png,1.4342018365859985,0.918,0.285,,,,10.685436248779297,156.90614318847656,1.0,2.999037742614746,hidden,160.90518188476562,3.0,2.686398506164551,fixation,1.0
73,3,22.0,Congruent,13b_0.490_0.796.png,2.5760860443115234,0.498,0.789,,,,9.096129655838013,169.02578735351562,1.0,2.0160460472106934,hidden,172.0418243408203,3.0,2.0800836086273193,fixation,1.0
74,3,2.0,Incongruent,2_0.898_0.000.png,2.329509973526001,0.897,0.008,,,,9.85578978061676,180.697998046875,1.0,2.999037742614746,hidden,184.69703674316406,3.0,1.8567520380020142,fixation,1.0
75,3,11.0,Congruent,11_0.673_0.469.png,1.983803629875183,0.671,0.479,,,,7.721859812736511,192.88330078125,1.0,1.6824841499328613,hidden,195.56578063964844,3.0,1.03937566280365,fixation,1.0
76,3,1.0,Medium,1_0.694_0.510.png,2.9965009689331055,0.698,0.513,,,,9.621900200843811,202.58895874023438,1.0,1.622862458229065,hidden,205.21182250976562,3.0,2.999037742614746,fixation,1.0
77,3,3.0,Incongruent,3_0.490_0.224.png,2.9965009689331055,0.493,0.228,,,,9.615899324417114,215.20736694335938,1.0,1.9032659530639648,hidden,218.11062622070312,3.0,2.7126333713531494,fixation,1.0
78,3,22.0,Congruent,13b_0.857_0.367.png,1.8006211519241333,0.853,0.36,,,,8.568803548812866,227.81976318359375,1.0,0.5697658061981201,hidden,229.3895263671875,3.0,2.999037742614746,fixation,1.0
79,3,1.0,Medium,1_0.490_0.224.png,0.963081419467926,0.491,0.22,,,,10.298226356506348,238.18919372558594,1.0,2.2991886138916016,hidden,241.48837280273438,3.0,2.999037742614746,fixation,1.0
80,3,20.0,Medium,20_0.959_0.388.png,2.9965009689331055,0.959,0.393,,,,9.226710796356201,249.45050048828125,1.0,1.227673053741455,hidden,251.6781768798828,3.0,2.999037742614746,fixation,1.0
81,3,18.0,Incongruent,18_0.265_0.163.png,2.9965009689331055,0.272,0.169,,,,9.775044322013855,261.6737060546875,1.0,1.7760065793991089,hidden,264.44970703125,3.0,2.999037742614746,fixation,1.0
82,3,11.0,Congruent,11_0.449_0.531.png,2.9965009689331055,0.457,0.533,,,,6.90800666809082,274.44525146484375,1.0,0.6816530227661133,hidden,276.1269226074219,3.0,1.226353645324707,fixation,1.0
83,3,9.0,Medium,9_0.408_0.347.png,0.8607701659202576,0.404,0.344,,,,9.104677319526672,284.3497619628906,1.0,1.1056395769119263,hidden,286.4554138183594,3.0,2.999037742614746,fixation,1.0
84,3,3.0,Incongruent,3_0.245_0.082.png,2.9965009689331055,0.251,0.085,,,,9.954653143882751,294.3152160644531,1.0,2.999037742614746,hidden,298.3142395019531,3.0,1.9556154012680054,fixation,1.0
85,3,1.0,Medium,1_0.959_0.367.png,1.4392427206039429,0.951,0.358,,,,10.998075485229492,307.266357421875,1.0,2.999037742614746,hidden,311.2654113769531,3.0,2.999037742614746,fixation,1.0
86,3,,Fixation,,2.9965009689331055,,,fixation,5.0,run_end,4.2152217626571655,319.70367431640625,0.0,1.432479739189148,hidden,321.13616943359375,0.0,2.7827420234680176,fixation,0.0
87,4,,Fixation,,0.6364350318908691,,,fixation,10.0,run_start,3.7503398656845093,0.0,0.0,2.999037742614746,hidden,2.999037742614746,0.0,0.7513021230697632,fixation,0.0
88,4,22.0,Congruent,13b_0.694_0.592.png,2.2984259128570557,0.695,0.587,,,,8.281148672103882,4.386775016784668,1.0,2.4999020099639893,hidden,7.886676788330078,3.0,0.7812466621398926,fixation,1.0
89,4,11.0,Congruent,11_0.000_0.735.png,2.9965009689331055,0.0,0.725,,,,10.639117240905762,14.966349601745605,1.0,2.999037742614746,hidden,18.96538734436035,3.0,2.6400794982910156,fixation,1.0
90,4,18.0,Incongruent,18_0.102_0.367.png,0.9741787314414978,0.095,0.374,,,,10.998075485229492,28.601966857910156,1.0,2.999037742614746,hidden,32.60100555419922,3.0,2.999037742614746,fixation,1.0
91,4,1.0,Medium,1_0.306_0.020.png,2.1022045612335205,0.307,0.026,,,,9.231006860733032,40.574222564697266,1.0,1.8622875213623047,hidden,43.43650817871094,3.0,2.3687193393707275,fixation,1.0
92,4,8.0,Congruent,8_0.265_0.898.png,0.6511718034744263,0.272,0.902,,,,10.798768281936646,51.907432556152344,1.0,2.999037742614746,hidden,55.906471252441406,3.0,2.7997305393218994,fixation,1.0
93,4,9.0,Medium,9_0.000_0.429.png,2.9965009689331055,0.006,0.424,,,,9.766276836395264,63.35737228393555,1.0,2.999037742614746,hidden,67.35641479492188,3.0,1.7672390937805176,fixation,1.0
94,4,22.0,Congruent,13b_0.918_0.755.png,2.9965009689331055,0.927,0.754,,,,7.91654098033905,76.12014770507812,1.0,1.0332591533660889,hidden,78.15341186523438,3.0,1.8832818269729614,fixation,1.0
95,4,11.0,Congruent,11_0.571_0.286.png,0.8312175869941711,0.578,0.279,,,,10.998075485229492,87.03319549560547,1.0,2.999037742614746,hidden,91.03223419189453,3.0,2.999037742614746,fixation,1.0
96,4,22.0,Congruent,13b_0.816_0.551.png,2.9965009689331055,0.816,0.546,,,,10.329301118850708,98.86248779296875,1.0,2.330263376235962,hidden,102.1927490234375,3.0,2.999037742614746,fixation,1.0
97,4,1.0,Medium,1_0.490_0.082.png,2.6490767002105713,0.495,0.083,,,,8.642237365245819,112.18828582763672,1.0,0.687595546245575,hidden,113.87588500976562,3.0,2.954641819000244,fixation,1.0
98,4,11.0,Congruent,11_0.286_1.000.png,1.793158769607544,0.285,1.0,,,,10.998075485229492,123.47959899902344,1.0,2.999037742614746,hidden,127.4786376953125,3.0,2.999037742614746,fixation,1.0
99,4,9.0,Medium,9_0.265_0.408.png,1.1015045642852783,0.261,0.407,,,,9.524131655693054,136.27084350585938,1.0,2.8977742195129395,hidden,140.16860961914062,3.0,1.6263574361801147,fixation,1.0
100,4,2.0,Incongruent,2_0.714_0.469.png,1.78288733959198,0.722,0.473,,,,10.628307104110718,146.89646911621094,1.0,2.6292693614959717,hidden,150.52574157714844,3.0,2.999037742614746,fixation,1.0
101,4,3.0,Incongruent,3_0.286_0.367.png,0.7559121251106262,0.287,0.36,,,,9.195188164710999,159.3076629638672,1.0,1.1961504220962524,hidden,161.50381469726562,3.0,2.999037742614746,fixation,1.0
102,4,20.0,Medium,20_0.796_0.612.png,2.210771322250366,0.792,0.608,,,,7.195817589759827,169.25877380371094,1.0,1.2639299631118774,hidden,171.522705078125,3.0,0.9318876266479492,fixation,1.0
103,4,2.0,Incongruent,2_0.612_0.000.png,1.6549679040908813,0.603,0.0,,,,8.748866975307465,178.6653594970703,1.0,0.9933380484580994,hidden,180.65869140625,3.0,2.7555289268493652,fixation,1.0
104,4,20.0,Medium,20_0.694_0.857.png,2.0418126583099365,0.692,0.856,,,,10.998075485229492,189.06919860839844,1.0,2.999037742614746,hidden,193.06822204589844,3.0,2.999037742614746,fixation,1.0
105,4,8.0,Congruent,8_0.878_0.633.png,2.5200681686401367,0.868,0.632,,,,9.540021538734436,202.1090850830078,1.0,1.54098379611969,hidden,204.6500701904297,3.0,2.999037742614746,fixation,1.0
106,4,3.0,Incongruent,3_0.306_0.510.png,2.220287561416626,0.311,0.517,,,,9.001830816268921,214.16917419433594,1.0,1.0027930736541748,hidden,216.17196655273438,3.0,2.999037742614746,fixation,1.0
107,4,18.0,Incongruent,18_0.653_0.490.png,2.9965009689331055,0.654,0.498,,,,8.711060404777527,225.3912811279297,1.0,1.4172793626785278,hidden,227.80856323242188,3.0,2.293781042098999,fixation,1.0
108,4,20.0,Medium,20_0.796_0.898.png,2.9965009689331055,0.79,0.898,,,,8.782176911830902,237.09884643554688,1.0,0.783139169216156,hidden,238.88198852539062,3.0,2.999037742614746,fixation,1.0
109,4,9.0,Medium,9_0.082_0.163.png,2.9965009689331055,0.079,0.167,,,,10.132803440093994,248.87753295898438,1.0,2.999037742614746,hidden,252.87657165527344,3.0,2.133765697479248,fixation,1.0
110,4,18.0,Incongruent,18_0.286_0.449.png,0.757667064666748,0.278,0.444,,,,10.998075485229492,262.0068359375,1.0,2.999037742614746,hidden,266.005859375,3.0,2.999037742614746,fixation,1.0
111,4,1.0,Medium,1_0.776_0.408.png,2.9965009689331055,0.777,0.414,,,,10.998075485229492,273.7625732421875,1.0,2.999037742614746,hidden,277.7615966796875,3.0,2.999037742614746,fixation,1.0
112,4,3.0,Incongruent,3_0.449_0.102.png,2.9965009689331055,0.451,0.109,,,,9.132854223251343,287.75714111328125,1.0,2.999037742614746,hidden,291.7561950683594,3.0,1.1338164806365967,fixation,1.0
113,4,8.0,Congruent,8_0.714_0.735.png,0.978805422782898,0.719,0.743,,,,9.784940004348755,299.8865051269531,1.0,1.7859022617340088,hidden,302.6723937988281,3.0,2.999037742614746,fixation,1.0
114,4,2.0,Incongruent,2_0.755_0.143.png,2.9965009689331055,0.753,0.149,,,,8.869632124900818,310.6502380371094,1.0,0.9432152509689331,hidden,312.5934753417969,3.0,2.9264168739318848,fixation,1.0
115,4,,Fixation,,1.3434613943099976,,,fixation,5.0,run_end,3.743078887462616,322.5163879394531,0.0,0.7440411448478699,hidden,323.26043701171875,0.0,2.999037742614746,fixation,0.0
116,5,,Fixation,,2.9965009689331055,,,fixation,10.0,run_start,4.210962414741516,0.0,0.0,1.21192467212677,hidden,1.21192467212677,0.0,2.999037742614746,fixation,0.0
117,5,1.0,Medium,1_0.571_0.408.png,0.6551297903060913,0.562,0.399,,,,6.690760850906372,7.207463264465332,1.0,1.271822214126587,hidden,9.47928524017334,2.5,0.9189386367797852,fixation,1.0
118,5,11.0,Congruent,11_0.000_0.612.png,1.1552329063415527,0.0,0.622,,,,9.42467999458313,14.553354263305664,1.0,2.1858716011047363,hidden,17.739225387573242,2.5,2.7388083934783936,fixation,1.0
119,5,3.0,Incongruent,3_0.347_0.592.png,2.4378926753997803,0.351,0.583,,,,9.157152652740479,25.13326644897461,1.0,1.6581149101257324,hidden,27.7913818359375,2.5,2.999037742614746,fixation,1.0
120,5,2.0,Incongruent,2_0.592_0.184.png,0.9503206610679626,0.587,0.179,,,,9.115169286727905,36.72831344604492,1.0,2.999037742614746,hidden,40.72734832763672,2.5,1.6161315441131592,fixation,1.0
121,5,9.0,Medium,9_0.000_0.082.png,1.2967805862426758,0.0,0.087,,,,9.625254154205322,46.793800354003906,1.0,2.126216411590576,hidden,49.92001724243164,2.5,2.999037742614746,fixation,1.0
122,5,3.0,Incongruent,3_0.204_0.367.png,2.9965009689331055,0.209,0.357,,,,10.498075485229492,57.71583557128906,1.0,2.999037742614746,hidden,61.714874267578125,2.5,2.999037742614746,fixation,1.0
123,5,1.0,Medium,1_0.735_0.449.png,0.8981394171714783,0.727,0.445,,,,10.370773315429688,71.21041107177734,1.0,2.8717355728149414,hidden,75.08214569091797,2.5,2.999037742614746,fixation,1.0
124,5,18.0,Incongruent,18_0.571_0.286.png,2.9965009689331055,0.571,0.287,,,,8.644569516181946,82.47932434082031,1.0,1.9022449254989624,hidden,85.3815689086914,2.5,2.2423245906829834,fixation,1.0
125,5,11.0,Congruent,11_0.143_0.776.png,2.9965009689331055,0.152,0.775,,,,8.430292069911957,94.12039947509766,1.0,2.999037742614746,hidden,98.11943054199219,2.5,0.9312543272972107,fixation,1.0
126,5,3.0,Incongruent,3_0.551_0.367.png,1.5728384256362915,0.558,0.357,,,,8.214646100997925,105.54718780517578,1.0,0.7156083583831787,hidden,107.2627944946289,2.5,2.999037742614746,fixation,1.0
127,5,22.0,Congruent,13b_0.653_0.959.png,2.9965009689331055,0.648,0.965,,,,10.205540895462036,115.33467102050781,1.0,2.70650315284729,hidden,119.04117584228516,2.5,2.999037742614746,fixation,1.0
128,5,9.0,Medium,9_0.673_0.469.png,0.6622768044471741,0.675,0.461,,,,6.829945683479309,128.53671264648438,1.0,1.3080517053604126,hidden,130.8447723388672,2.5,1.0218939781188965,fixation,1.0
129,5,1.0,Medium,1_0.449_0.388.png,2.9965009689331055,0.441,0.379,,,,8.974357962608337,136.02894592285156,1.0,2.6819441318511963,hidden,139.71087646484375,2.5,1.7924138307571411,fixation,1.0
130,5,18.0,Incongruent,18_0.265_0.061.png,2.9965009689331055,0.256,0.067,,,,6.75168639421463,147.9998016357422,1.0,0.7501924633979797,hidden,149.74998474121094,2.5,1.5014939308166504,fixation,1.0
131,5,9.0,Medium,9_0.367_0.286.png,2.9965009689331055,0.376,0.281,,,,7.322999000549316,157.74798583984375,1.0,1.1562023162841797,hidden,159.90419006347656,2.5,1.6667966842651367,fixation,1.0
132,5,22.0,Congruent,13b_0.612_0.980.png,2.9965009689331055,0.603,0.986,,,,8.408444881439209,168.06748962402344,1.0,2.860748529434204,hidden,171.92823791503906,2.5,1.0476963520050049,fixation,1.0
133,5,11.0,Congruent,11_0.388_0.510.png,0.5491023659706116,0.388,0.5,,,,9.95601201057434,179.47242736816406,1.0,2.999037742614746,hidden,183.47146606445312,2.5,2.4569742679595947,fixation,1.0
134,5,20.0,Medium,20_0.510_0.551.png,2.9965009689331055,0.518,0.553,,,,8.698891043663025,189.9775390625,1.0,2.999037742614746,hidden,193.97657775878906,2.5,1.1998533010482788,fixation,1.0
135,5,2.0,Incongruent,2_1.000_0.306.png,2.9965009689331055,1.0,0.314,,,,10.498075485229492,201.67294311523438,1.0,2.999037742614746,hidden,205.67198181152344,2.5,2.999037742614746,fixation,1.0
136,5,8.0,Congruent,8_0.694_1.000.png,2.9965009689331055,0.694,1.0,,,,9.340967416763306,215.16751098632812,1.0,2.999037742614746,hidden,219.1665496826172,2.5,1.8419296741485596,fixation,1.0
137,5,20.0,Medium,20_0.347_0.327.png,2.092646837234497,0.34,0.319,,,,8.179338097572327,227.50497436523438,1.0,2.5917768478393555,hidden,231.0967559814453,2.5,1.0875612497329712,fixation,1.0
138,5,22.0,Congruent,13b_1.000_0.633.png,0.5372655391693115,1.0,0.623,,,,8.814136624336243,237.77696228027344,1.0,1.3150988817214966,hidden,240.09207153320312,2.5,2.999037742614746,fixation,1.0
139,5,18.0,Incongruent,18_0.122_0.347.png,2.9965009689331055,0.121,0.351,,,,10.07602310180664,247.1283721923828,1.0,2.5769853591918945,hidden,250.70535278320312,2.5,2.999037742614746,fixation,1.0
140,5,8.0,Congruent,8_0.959_0.857.png,2.9965009689331055,0.953,0.862,,,,7.365407943725586,260.2008972167969,1.0,1.3143898248672485,hidden,262.5152893066406,2.5,1.5510181188583374,fixation,1.0
141,5,2.0,Incongruent,2_0.429_0.531.png,0.8113293647766113,0.435,0.532,,,,8.129109740257263,270.56280517578125,1.0,2.999037742614746,hidden,274.56182861328125,2.5,0.6300719976425171,fixation,1.0
142,5,8.0,Congruent,8_0.857_0.837.png,1.2100121974945068,0.866,0.827,,,,7.653736233711243,279.50323486328125,1.0,1.4657748937606812,hidden,281.9690246582031,2.5,1.6879613399505615,fixation,1.0
143,5,20.0,Medium,20_0.837_0.551.png,2.11993670463562,0.838,0.546,,,,10.498075485229492,288.36700439453125,1.0,2.999037742614746,hidden,292.36602783203125,2.5,2.999037742614746,fixation,1.0
144,5,,Fixation,,0.978797435760498,,,fixation,5.0,run_end,2.8931755423545837,300.9850158691406,0.0,0.8577641844749451,hidden,301.8427734375,0.0,2.0354113578796387,fixation,0.0
145,6,,Fixation,,2.747549533843994,,,fixation,10.0,run_start,2.995366096496582,0.0,0.0,1.4909074306488037,hidden,1.4909074306488037,0.0,1.5044586658477783,fixation,0.0
146,6,18.0,Incongruent,18_0.367_0.327.png,0.5761480927467346,0.362,0.332,,,,8.50628936290741,5.742915630340576,1.0,2.999037742614746,hidden,9.741952896118164,2.5,1.0072516202926636,fixation,1.0
147,6,2.0,Incongruent,2_0.490_0.408.png,2.9965009689331055,0.495,0.417,,,,9.78467583656311,14.825352668762207,1.0,2.999037742614746,hidden,18.824390411376953,2.5,2.2856380939483643,fixation,1.0
148,6,3.0,Incongruent,3_0.367_0.388.png,1.6837334632873535,0.359,0.393,,,,8.879565834999084,27.606529235839844,1.0,2.999037742614746,hidden,31.605567932128906,2.5,1.3805280923843384,fixation,1.0
149,6,22.0,Congruent,13b_0.878_1.000.png,0.7114059925079346,0.884,1.0,,,,9.381031036376953,38.169830322265625,1.0,1.881993293762207,hidden,41.051822662353516,2.5,2.999037742614746,fixation,1.0
150,6,2.0,Incongruent,2_0.673_0.429.png,2.9965009689331055,0.664,0.437,,,,7.4271767139434814,48.26226806640625,1.0,0.8467721939086914,hidden,50.109039306640625,2.5,2.08040452003479,fixation,1.0
151,6,11.0,Congruent,11_0.306_0.429.png,2.9965009689331055,0.309,0.433,,,,6.499416470527649,58.685943603515625,1.0,1.0424437522888184,hidden,60.72838592529297,2.5,0.9569727182388306,fixation,1.0
152,6,8.0,Congruent,8_0.551_0.551.png,2.9965009689331055,0.545,0.547,,,,9.319977045059204,68.1818618774414,1.0,2.999037742614746,hidden,72.18090057373047,2.5,1.820939302444458,fixation,1.0
153,6,20.0,Medium,20_0.490_0.714.png,1.2875789403915405,0.485,0.717,,,,8.499670624732971,80.49833679199219,1.0,2.999037742614746,hidden,84.49737548828125,2.5,1.000632882118225,fixation,1.0
154,6,9.0,Medium,9_0.265_0.184.png,1.6439323425292969,0.27,0.176,,,,8.061894655227661,90.28559112548828,1.0,1.6625380516052246,hidden,92.94812774658203,2.5,1.8993566036224365,fixation,1.0
155,6,1.0,Medium,1_0.592_0.408.png,2.7215189933776855,0.583,0.416,,,,8.724273681640625,99.99141693115234,1.0,2.999037742614746,hidden,103.9904556274414,2.5,1.225235939025879,fixation,1.0
156,6,11.0,Congruent,11_0.388_0.388.png,2.3290998935699463,0.394,0.378,,,,8.194193363189697,111.43721008300781,1.0,2.73618745803833,hidden,115.17339324951172,2.5,0.9580059051513672,fixation,1.0
157,6,8.0,Congruent,8_1.000_0.959.png,0.8485173583030701,0.993,0.969,,,,10.498075485229492,121.96050262451172,1.0,2.999037742614746,hidden,125.95954132080078,2.5,2.999037742614746,fixation,1.0
158,6,20.0,Medium,20_0.837_0.918.png,2.9965009689331055,0.846,0.918,,,,7.042224407196045,133.30709838867188,1.0,0.7305029630661011,hidden,135.03759765625,2.5,1.8117214441299438,fixation,1.0
159,6,22.0,Congruent,13b_0.816_0.694.png,2.224686622619629,0.813,0.696,,,,6.963695168495178,143.3458251953125,1.0,1.4268437623977661,hidden,145.7726593017578,2.5,1.036851406097412,fixation,1.0
160,6,11.0,Congruent,11_0.204_0.653.png,2.9965009689331055,0.199,0.651,,,,8.10912948846817,152.53419494628906,1.0,0.6100917458534241,hidden,154.144287109375,2.5,2.999037742614746,fixation,1.0
161,6,18.0,Incongruent,18_0.449_0.000.png,2.9965009689331055,0.452,0.0,,,,6.653767347335815,163.63983154296875,1.0,0.6238148212432861,hidden,165.26364135742188,2.5,1.5299525260925293,fixation,1.0
162,6,20.0,Medium,20_0.898_0.551.png,1.2200477123260498,0.892,0.544,,,,10.498075485229492,173.29010009765625,1.0,2.999037742614746,hidden,177.2891387939453,2.5,2.999037742614746,fixation,1.0
163,6,22.0,Congruent,13b_0.755_1.000.png,2.9965009689331055,0.745,1.0,,,,6.125202536582947,185.0082244873047,1.0,1.1072235107421875,hidden,187.11544799804688,2.5,0.5179790258407593,fixation,1.0
164,6,3.0,Incongruent,3_0.224_0.347.png,2.9965009689331055,0.219,0.339,,,,7.368585228919983,194.1299285888672,1.0,1.5253082513809204,hidden,196.65524291992188,2.5,1.3432769775390625,fixation,1.0
165,6,9.0,Medium,9_0.735_0.327.png,2.9965009689331055,0.729,0.331,,,,7.725488305091858,204.49501037597656,1.0,2.084639072418213,hidden,207.57965087890625,2.5,1.140849232673645,fixation,1.0
166,6,8.0,Congruent,8_0.571_0.653.png,0.6237184405326843,0.575,0.659,,,,9.141374230384827,215.2169952392578,1.0,2.999037742614746,hidden,219.21603393554688,2.5,1.6423364877700806,fixation,1.0
167,6,1.0,Medium,1_0.755_0.592.png,2.811185836791992,0.754,0.584,,,,7.244130194187164,224.9821014404297,1.0,0.9622117877006531,hidden,226.94430541992188,2.5,1.7819184064865112,fixation,1.0
168,6,2.0,Incongruent,2_0.653_0.367.png,2.9965009689331055,0.661,0.371,,,,8.370264053344727,235.03741455078125,1.0,0.8712263107299805,hidden,236.90863037109375,2.5,2.999037742614746,fixation,1.0
169,6,9.0,Medium,9_0.204_0.286.png,2.9965009689331055,0.201,0.283,,,,10.498075485229492,246.4041748046875,1.0,2.999037742614746,hidden,250.40321350097656,2.5,2.999037742614746,fixation,1.0
170,6,1.0,Medium,1_0.694_0.531.png,2.9965009689331055,0.697,0.524,,,,9.309465646743774,259.89874267578125,1.0,2.999037742614746,hidden,263.8977966308594,2.5,1.8104279041290283,fixation,1.0
171,6,18.0,Incongruent,18_0.020_0.592.png,2.9965009689331055,0.022,0.596,,,,8.212124466896057,272.2047119140625,1.0,0.713086724281311,hidden,273.9178161621094,2.5,2.999037742614746,fixation,1.0
172,6,3.0,Incongruent,3_0.163_0.531.png,2.9965009689331055,0.163,0.526,,,,8.99680757522583,283.413330078125,1.0,2.0179004669189453,hidden,286.4312438964844,2.5,2.4789071083068848,fixation,1.0
173,6,,Fixation,,1.5060490369796753,,,fixation,5.0,run_end,5.099503755569458,295.4066467285156,0.0,2.1927902698516846,hidden,297.5994567871094,0.0,2.9067134857177734,fixation,0.0
174,7,,Fixation,,2.9965009689331055,,,fixation,10.0,run_start,2.4828866720199585,0.0,0.0,0.8812174797058105,hidden,0.8812174797058105,0.0,1.601669192314148,fixation,0.0
175,7,1.0,Medium,1_0.816_0.469.png,2.9277408123016357,0.811,0.462,,,,10.304426908493042,5.4793877601623535,1.0,2.805389165878296,hidden,9.28477668762207,2.5,2.999037742614746,fixation,1.0
176,7,8.0,Congruent,8_0.735_0.796.png,2.9965009689331055,0.736,0.794,,,,8.505269527435303,18.71155548095703,1.0,2.999037742614746,hidden,22.71059226989746,2.5,1.0062317848205566,fixation,1.0
177,7,2.0,Incongruent,2_0.469_0.510.png,2.9965009689331055,0.464,0.509,,,,9.46778917312622,30.21332550048828,1.0,1.9687514305114746,hidden,33.18207550048828,2.5,2.999037742614746,fixation,1.0
178,7,22.0,Congruent,13b_0.837_0.673.png,2.9965009689331055,0.831,0.677,,,,8.779030442237854,42.677616119384766,1.0,1.279992699623108,hidden,44.95760726928711,2.5,2.999037742614746,fixation,1.0
179,7,20.0,Medium,20_0.735_0.653.png,1.9096291065216064,0.729,0.65,,,,8.741326928138733,54.453147888183594,1.0,1.2422891855239868,hidden,56.695438385009766,2.5,2.999037742614746,fixation,1.0
180,7,9.0,Medium,9_0.490_0.000.png,0.7430229783058167,0.485,0.0,,,,8.082950711250305,65.1041030883789,1.0,0.5839129686355591,hidden,66.68801879882812,2.5,2.999037742614746,fixation,1.0
181,7,1.0,Medium,1_0.551_0.245.png,2.508641481399536,0.545,0.254,,,,8.485893726348877,73.9300765991211,1.0,2.999037742614746,hidden,77.92911529541016,2.5,0.9868559837341309,fixation,1.0
182,7,11.0,Congruent,11_0.102_0.469.png,2.9965009689331055,0.095,0.479,,,,8.200476467609406,84.92461395263672,1.0,2.999037742614746,hidden,88.92365264892578,2.5,0.7014387249946594,fixation,1.0
183,7,18.0,Incongruent,18_0.531_0.388.png,1.4248570203781128,0.538,0.381,,,,10.498075485229492,96.12158966064453,1.0,2.999037742614746,hidden,100.1206283569336,2.5,2.999037742614746,fixation,1.0
184,7,20.0,Medium,20_1.000_0.918.png,2.9965009689331055,0.998,0.914,,,,7.2926331758499146,108.04452514648438,1.0,1.384940505027771,hidden,110.4294662475586,2.5,1.4076926708221436,fixation,1.0
185,7,18.0,Incongruent,18_0.612_0.102.png,2.5570924282073975,0.605,0.112,,,,9.852293729782104,118.33365631103516,1.0,2.999037742614746,hidden,122.33269500732422,2.5,2.3532559871673584,fixation,1.0
186,7,22.0,Congruent,13b_0.776_0.551.png,2.9965009689331055,0.779,0.555,,,,7.578234076499939,130.7430419921875,1.0,2.1869356632232666,hidden,133.9299774169922,2.5,0.8912984132766724,fixation,1.0
187,7,2.0,Incongruent,2_0.571_0.449.png,2.9965009689331055,0.578,0.441,,,,9.622812747955322,141.31777954101562,1.0,2.123775005340576,hidden,144.44155883789062,2.5,2.999037742614746,fixation,1.0
188,7,3.0,Incongruent,3_0.449_0.388.png,1.540955901145935,0.441,0.386,,,,8.253205716609955,153.9370880126953,1.0,0.7541679739952087,hidden,155.69125366210938,2.5,2.999037742614746,fixation,1.0
189,7,1.0,Medium,1_1.000_0.265.png,2.9965009689331055,1.0,0.262,,,,8.91089391708374,163.7312469482422,1.0,1.9791338443756104,hidden,166.71038818359375,2.5,2.43176007270813,fixation,1.0
190,7,20.0,Medium,20_0.837_0.388.png,2.9965009689331055,0.834,0.384,,,,9.96473741531372,175.63864135742188,1.0,2.4656996726989746,hidden,179.10435485839844,2.5,2.999037742614746,fixation,1.0
191,7,3.0,Incongruent,3_0.388_0.388.png,0.8791396617889404,0.396,0.382,,,,8.127068519592285,188.59988403320312,1.0,2.351146697998047,hidden,191.95103454589844,2.5,1.2759218215942383,fixation,1.0
192,7,2.0,Incongruent,2_0.510_0.000.png,2.9965009689331055,0.515,0.0,,,,6.859601020812988,197.60609436035156,1.0,1.211443543434143,hidden,199.81753540039062,2.5,1.1481574773788452,fixation,1.0
193,7,8.0,Congruent,8_0.592_0.531.png,2.537494659423828,0.599,0.527,,,,9.65009617805481,207.4622039794922,1.0,2.1510584354400635,hidden,210.61325073242188,2.5,2.999037742614746,fixation,1.0
194,7,3.0,Incongruent,3_0.286_0.224.png,1.8192757368087769,0.281,0.216,,,,8.465793907642365,219.6497802734375,1.0,0.9667561650276184,hidden,221.61654663085938,2.5,2.999037742614746,fixation,1.0
195,7,9.0,Medium,9_0.000_0.469.png,1.6212793588638306,0.0,0.473,,,,8.99645459651947,229.9348602294922,1.0,1.4974168539047241,hidden,232.43226623535156,2.5,2.999037742614746,fixation,1.0
196,7,22.0,Congruent,13b_0.755_1.000.png,2.9965009689331055,0.75,1.0,,,,7.493464887142181,240.55259704589844,1.0,0.939802348613739,hidden,242.4923858642578,2.5,2.0536625385284424,fixation,1.0
197,7,9.0,Medium,9_0.694_0.327.png,2.9965009689331055,0.691,0.329,,,,7.382750153541565,251.0425567626953,1.0,1.136892318725586,hidden,253.179443359375,2.5,1.745857834815979,fixation,1.0
198,7,11.0,Congruent,11_0.388_0.551.png,2.0526957511901855,0.386,0.555,,,,6.214536964893341,261.42181396484375,1.0,0.8144917488098145,hidden,263.2362976074219,2.5,0.9000452160835266,fixation,1.0
199,7,8.0,Congruent,8_0.980_0.653.png,2.9965009689331055,0.978,0.643,,,,8.83047866821289,269.68902587890625,1.0,1.3314409255981445,hidden,272.0204772949219,2.5,2.999037742614746,fixation,1.0
200,7,11.0,Congruent,11_0.245_0.857.png,2.5631043910980225,0.255,0.861,,,,10.167275190353394,281.5160217285156,1.0,2.6682374477386475,hidden,285.18426513671875,2.5,2.999037742614746,fixation,1.0
201,7,18.0,Incongruent,18_0.551_0.449.png,2.398012638092041,0.55,0.441,,,,7.808080077171326,294.24639892578125,1.0,1.50764000415802,hidden,296.7540283203125,2.5,1.8004400730133057,fixation,1.0
202,7,,Fixation,,0.9360734820365906,,,fixation,5.0,run_end,4.862231731414795,304.4524841308594,0.0,2.999037742614746,hidden,307.4515380859375,0.0,1.8631939888000488,fixation,0.0
203,8,,Fixation,,2.9965009689331055,,,fixation,10.0,run_start,4.903427004814148,0.0,0.0,2.999037742614746,hidden,2.999037742614746,0.0,1.9043892621994019,fixation,0.0
204,8,8.0,Congruent,8_0.571_0.531.png,2.9965009689331055,0.571,0.529,,,,10.498075485229492,7.899928092956543,1.0,2.999037742614746,hidden,11.898965835571289,2.5,2.999037742614746,fixation,1.0
205,8,22.0,Congruent,13b_0.735_0.959.png,2.9965009689331055,0.737,0.958,,,,7.1080955266952515,21.39450454711914,1.0,0.7813693284988403,hidden,23.175872802734375,2.5,1.8267261981964111,fixation,1.0
206,8,9.0,Medium,9_0.204_0.184.png,2.9965009689331055,0.198,0.179,,,,9.234434962272644,31.499101638793945,1.0,1.735397219657898,hidden,34.2344970703125,2.5,2.999037742614746,fixation,1.0
207,8,22.0,Congruent,13b_0.796_0.857.png,2.9965009689331055,0.801,0.852,,,,9.811827659606934,43.730037689208984,1.0,2.999037742614746,hidden,47.72907638549805,2.5,2.3127899169921875,fixation,1.0
208,8,11.0,Congruent,11_0.612_0.939.png,0.792164146900177,0.611,0.94,,,,8.605851769447327,56.53836441040039,1.0,1.1068140268325806,hidden,58.645179748535156,2.5,2.999037742614746,fixation,1.0
209,8,18.0,Incongruent,18_0.163_0.000.png,2.023176670074463,0.158,0.0,,,,8.565449714660645,65.9363784790039,1.0,2.999037742614746,hidden,69.93541717529297,2.5,1.0664119720458984,fixation,1.0
210,8,3.0,Incongruent,3_0.204_0.163.png,2.9965009689331055,0.208,0.168,,,,7.918570518493652,76.52500915527344,1.0,1.6250957250595093,hidden,79.15010070800781,2.5,1.793474793434143,fixation,1.0
211,8,2.0,Incongruent,2_0.204_0.449.png,0.542534351348877,0.21,0.458,,,,9.59220266342163,87.44007873535156,1.0,2.999037742614746,hidden,91.43911743164062,2.5,2.0931649208068848,fixation,1.0
212,8,3.0,Incongruent,3_0.000_0.163.png,1.583597183227539,0.0,0.173,,,,8.531341791152954,97.57481384277344,1.0,1.032304048538208,hidden,99.60711669921875,2.5,2.999037742614746,fixation,1.0
213,8,22.0,Congruent,13b_0.551_1.000.png,2.9965009689331055,0.544,1.0,,,,8.229397296905518,107.68975830078125,1.0,2.999037742614746,hidden,111.68878936767578,2.5,0.7303595542907715,fixation,1.0
214,8,1.0,Medium,1_0.653_0.224.png,1.3697158098220825,0.661,0.23,,,,10.498075485229492,118.91565704345703,1.0,2.999037742614746,hidden,122.91468811035156,2.5,2.999037742614746,fixation,1.0
215,8,9.0,Medium,9_0.306_0.143.png,2.9965009689331055,0.307,0.138,,,,8.684646606445312,130.783447265625,1.0,2.999037742614746,hidden,134.78248596191406,2.5,1.1856088638305664,fixation,1.0
216,8,2.0,Incongruent,2_0.531_0.000.png,2.9965009689331055,0.537,0.0,,,,9.954648971557617,142.464599609375,1.0,2.455611228942871,hidden,145.92019653320312,2.5,2.999037742614746,fixation,1.0
217,8,3.0,Incongruent,3_0.000_0.020.png,1.2136415243148804,0.0,0.021,,,,10.498075485229492,155.41574096679688,1.0,2.999037742614746,hidden,159.41477966308594,2.5,2.999037742614746,fixation,1.0
218,8,11.0,Congruent,11_0.306_0.898.png,1.6205421686172485,0.299,0.907,,,,8.70443058013916,167.12745666503906,1.0,1.205392837524414,hidden,169.33285522460938,2.5,2.999037742614746,fixation,1.0
219,8,20.0,Medium,20_0.429_0.673.png,2.9965009689331055,0.437,0.673,,,,8.447411477565765,177.4524383544922,1.0,2.999037742614746,hidden,181.45147705078125,2.5,0.9483737349510193,fixation,1.0
220,8,8.0,Congruent,8_0.735_0.878.png,1.5641206502914429,0.732,0.88,,,,10.498075485229492,188.89634704589844,1.0,2.999037742614746,hidden,192.8953857421875,2.5,2.999037742614746,fixation,1.0
221,8,18.0,Incongruent,18_0.347_0.531.png,2.9965009689331055,0.341,0.526,,,,6.011258244514465,200.9585418701172,1.0,0.8821818828582764,hidden,202.84072875976562,2.5,0.629076361656189,fixation,1.0
222,8,2.0,Incongruent,2_0.653_0.327.png,1.1574252843856812,0.643,0.33,,,,8.668895721435547,209.96629333496094,1.0,1.9224085807800293,hidden,212.88870239257812,2.5,2.2464871406555176,fixation,1.0
223,8,18.0,Incongruent,18_0.388_0.694.png,1.381401538848877,0.382,0.688,,,,6.8632453083992,219.79261779785156,1.0,1.4078160524368286,hidden,222.200439453125,2.5,0.9554292559623718,fixation,1.0
224,8,1.0,Medium,1_0.571_0.020.png,2.9965009689331055,0.577,0.029,,,,10.498075485229492,228.03726196289062,1.0,2.999037742614746,hidden,232.0363006591797,2.5,2.999037742614746,fixation,1.0
225,8,8.0,Congruent,8_0.653_0.551.png,0.9844809174537659,0.662,0.545,,,,8.95397698879242,241.53184509277344,1.0,2.999037742614746,hidden,245.5308837890625,2.5,1.4549392461776733,fixation,1.0
226,8,11.0,Congruent,11_0.224_0.510.png,2.9965009689331055,0.222,0.509,,,,10.12032151222229,251.47030639648438,1.0,2.621283769607544,hidden,255.09158325195312,2.5,2.999037742614746,fixation,1.0
227,8,1.0,Medium,1_1.000_0.061.png,2.5764920711517334,1.0,0.068,,,,8.553789854049683,264.5871276855469,1.0,1.0547521114349365,hidden,266.6418762207031,2.5,2.999037742614746,fixation,1.0
228,8,20.0,Medium,20_0.776_0.367.png,1.6643431186676025,0.777,0.36,,,,9.019729256629944,275.7174072265625,1.0,1.5206915140151978,hidden,278.23809814453125,2.5,2.999037742614746,fixation,1.0
229,8,9.0,Medium,9_0.061_0.224.png,2.9965009689331055,0.061,0.216,,,,6.832067370414734,286.4014892578125,1.0,1.6174187660217285,hidden,289.0188903808594,2.5,0.7146486043930054,fixation,1.0
230,8,20.0,Medium,20_0.918_0.531.png,2.9965009689331055,0.919,0.529,,,,8.952330589294434,296.23004150390625,1.0,2.999037742614746,hidden,300.2290954589844,2.5,1.4532928466796875,fixation,1.0
231,8,,Fixation,,2.9965009689331055,,,fixation,5.0,run_end,3.769289255142212,308.17889404296875,0.0,2.999037742614746,hidden,311.17791748046875,0.0,0.7702515125274658,fixation,0.0
